3331


2
3672

6675
6674
7675
8676

9677
1078
1179
6680

668112
1382
1483
6684
1685
6686

6687
3332

3333

2134

3335
6692

6693
6694

6695

2796

6697

6698
3099

6700

3201


6702

6703
6704

3605
6706
3351
3352

3353


6710
4211
33

3357
4558
6715
3360
3361

4918
5019
3364

3365
6722
6723
3368
3369
5770
6727
33

3373
3374
6231
6376
6433


6578
6735
3380
3381
6938
3383
7184
6741
6742
7443
3388
6745

3390
7891
3392

3393
8194
6751
8396
6753
6754

6755
8700
6757
6758
6759
9104
6761
3406
6763
9564
9609
3410
9867
9968
6769
3414
3415
3416
3417
6774
6775
6776
6777
1098
3423

3424


3425
3426
3427
6784
3429
3430
3431

6788
1203
1210

6791
1236
3437
1258

3439
3440


6797

6798

1303
6800
3445
6802
1347

3448

3449


6806

1387

1398

6809
1410

3455
3456
1447
3458
1469

3460

3461

3462

1493
1504
6821
3466
6823

3468

3469

1560
1571
6827
1593

3474
1615
1626
6832
6833
6834
1660
1676

3482
168
1693

3484


3485

6841
6842
3488
1759
6845
6846


349
1798
1809
3495
6851
1836


1842

3498
3499

3500

3501
6856
6857
6858

3505

3506
3507
6862

6863
1964
3511
6866
198
1997

3568682035156869
3516
6870
202356871
3518
6872
6873

3520
3521

3522


2083


3524
6877
2116

3527
6880


6881


3530
6882
6883

3532
6885
2196
6887
2208


6889
2228
6891
2232
6893
2254
3543
3544
3545
6898
3547
3548


3549

3550

6903
3552
3553

3554

2385

3556
3557

6910


6911
3560
2441

6914

6915
6916
6917
3566
250
6919
3567256923568256921
3569256922540

2551

2563

3573
3574
2595

6927
3577
693578

263579

3580


3581


2652
6933

6934

3585
2696

2707
3588

2729

3590
3591

2752

2763
3594
2785


2796

3597

3598
6949

3600
3601

2852


2863


6954
287

3605286955
3606286956
3607
2907
3608
2918

6959
292
6960
293366961
3612
2952

2963

6964


6965
297
6966
293617
2997
3618
3619

3620
6970
3621
6971
3622
3623


6973


3625


3626

3627

6977
3108
693119
6979

6980

6981


3633


6983

3165
3176
3187


3198
6988

6989
3641
6991

3243
6992
3254
6993
3645
693266

3277
3286
3299


3300
3651

7000

3653

7001

7002
3656


3657


7005

7006

3660


3661

3662


3663
3444
3455

3463
3477
3668


3669
7017

3518
3522

3533

3549
7020
7021

36357
7022
3588

3679
359
3600

3611

3626

3637


3684

3685

3686

3687


3688
3699

3690


3711
7036
7037
3694
3745

3750

7041

7042
3699
3700
3701
7046
7047

7048
3849

3850
3866
3707

3708
3894
3710

3911

3712392
377056
3933714
3715
7058
7059
7060
3989


3990

3721400
3722
401
3723

402
3724

403
4047


4058
7069


3728

7071


7072
4101
3732
4125
4136


4145

4156
4167
3738
4189
3740
7083

3742

7085
4234
7087

4256
4269
4270
4281
4292
3751
7094
3753
4336
7097

3756

3757
3758
3759

4390

3761
7104
3763

4436

4447
4458
3766
3767
7111
4492

3770
7114

4525

7116
7117
7118
4566
3777

3778

3779


3780


3781
3782
4633
4647
4658

4666
7130
7131
3789
3790
3791
7135

7136
7137
7138
7139
7140

7141


7142

3800
3801
4825
3803
7147
3805
3806

3807

7151
7152
7153
3811
4925
4936
4944
4955
3816
3817
3818
7162
5003
3821

3822

7166

5047
5055
5066
5077
3828

3829

3830


383

5122

5133

3834
5155
5168

5179
3838
5199

7182
3841


5224
5233
5244
7187
7188526
3847527
5288

5299
3850
3851
5324
3853
7196

5354

7197
5365
7198
5376

3857

8
3858
539
5409

7202
5421
7204

3863
3864
3865
5478
3867
3868
5509

7212
5523
7214
7215
3874
7217

3876
5537

5548

7221
38805552

5561
3882
558
559
5603
722

7225
7226
3885
7228
7229

7230

3889

7231
5701
5712
3893

3894

7236574
5757

3897
3898

7240

7241
5801
7243
3903
7245
3905

5856
7248
587908
5889

5890

5901

5912

7253


3914

5945
5956

3917
596
5978

7259
599
7260
3921
7262

6033
7264
7265

6066

3927


3928
3929


7270

6111


7272


7273

7274

7275
7276
617
3936
619
620

3937
7277
3938
7278
3939
7279
7280


7281

7282
3943

3944

6285


3946
6296
6307

63187288
6329
7289
7290


7291


7292

6363
3954

7295

6396


6407


3958
641
3959
642
7300643
6441


6452

3963
646733964
647733965
648
7306

3967


3968


7309

3970


7311
3972
7313655

6564

6575

7316658
6597

6608

6619
6620
3981

7322

6643

7324
3984
7325
3985

7326
6676
7327
6687

7328
6698

7329
6709

7330
6710

7331
6721
6732
3992
3993

3994


3995

3996
6787


3998
6809
6810

7341

4002
4003
4004
7345
4006
7347
4008
4009

6900

7350
6911
7351
6922
7352
6933
7353
40147354
7355

4016
6977

6988

7359

4020
4021
4022
4023
4024
4025
7066
7367


7368
4029
7099

4030
7100
4031
7371
7122


7373


7144
4035


7155

7376

7377
7189
4040
7380
7212

4043

7381

4045
725

727382
7277


4048
7383
4049
7384
7385

7316

7387

7388

7349

7390
7356
7391
7392
7393736

7394

7395
4062

7406
4063
7417
7428

7399
407400

7401
743
7402
7440674074540707404
4071

7405744072
7486
74749


7508

7409


7410

7521

4078


4079
7414754080
7415
7416
7417
4083
7419
7420
7421
7612
4084

7624


7425
4087

7426

7640897427
4090
7428
7681

7692

4093
7740947729


7430
77357431
7432

7433
7768


4099
777
7436
7437
4101
4102
7808

7439
7820
7441
7842

4107
7868

7445
788046
7447

7448

7449
789
4112

7911

7922

793
7943

7954
7963

411654
7455

4117

7996
41187457
7458
4120
4121


8002
4123

7461


4125

803126
744127
804
7465
805
8069


4130
4131

4132
8093
7471

4135
7473
8127

8138


7476
814140
4141


7478
4143
7480
4145
4146

8212
4147
4148


7484
4150

4151


826744152
827
4153

828
4154
829
8300

8316


8327

7493


8349
4160
4161
749
8388
7499
8405
8416

7501

4167
7502

7503

8444

7505
8456
4172

4173
4174


4175
7511

7512

7513

7514


8549
7515
8550
4181

4182

4183

7519

8600
8611
7522
7523
4189
4190
8666
8677
4193
8694
8700
8711

8727


7533
7534


8755
7536

7537

7538

7539
8800
7541

4207
8833
7544
8855
4211
4212

7548

4214
7550
8916
8922
8938
7554
4220
8966
4222
4223
7554224
7560

9015
7561
7562


9033
4228

9055
7566
7567
7568

7569

9100


9111

9122
4236
4237

4238

7575
9166

7577

4241
75784242
4243

9180
7581
7582
4246
9204

9215


9226

9237

4250
7589


7594251
9251

7592
9264
9274

4256

4257

4258
7598
9309


4260

9311
9322
9333

4276934

9355


9366

7607

4268
7609
4270
9391
4272

4273

941764274
7613
4275
4276


7615

9456

7617

4280
9471
4282
9493
4284
9501


9516
7622
9527
76239538
7624
4289
954
7625
955
9566
4292

9573
76278
959

9605

4296
962629
7630
7631
7632
7633
7634
7635
7636
7637

4298
4299
4300
9631
9642
7643
4301

7645

43027646
9673

9684

4305
970
971
972
973
974
975
976
977647
7648
7649978


4308
7651
764309
7653

7654

982
7655983
9846
7657
9857658
986

59
987
7660988
7661
989
7662
4310


7664
7665


4312

4313
7668

4315
7670

7671

997672

4319

7674
7675

1001

7676
4323
4324

7677

7678

1007
7679
1008
432781

4328


7683

4330
1012

1013

7686
7687
1016

4333

1018
4334
7690
4335761019
4336
1020
4337
1021

7694
4339

4340
1024

7697
1025
7699

4341
1077011027

4343

1028
4344
1029
1030

1031
1032

1033
4349
7707
4351
7709
1037
1038
1039

1040

4357


1042
1043
4360

4361
77194362

4363

4364

4365

1049

4367

4368

7721
4369

4370

4371

4372
1056

7723

4374
7725
10587726

4375
772860
1061
1062
4377
4378
4379
4380
4381
4382
4383

7730
4385
4386

4387
106631
7732
7733
7734
7735
7736
7737
7738
7739
7740
7741
7742

7743

4389
4390

1068
4391
1069
4393


10704394
7747
1071

4396
1072
7749
1073
7751
7752
7753
7754
7755
7756
7757
7758
7759
7760
774397
4398

1074

7743991075
776576
4400
107701
7766
4402
7767
4403
1078
4477691079
44057770
44067771
44077772
4408
1083
4409

774410
4411


1085
1086

7777
1087

1088

4416
7778
4418

1089
1090
1091
1092
1093
1094
1095
1096
1097
1098
1099
1100
1101
1102
1103
1104
1105
1106
1144191108
1109
1110
1111
1112
111380
7781

7744207783
7784
7785
7786
7787
771115
7789
4422

1117
4424
1118

4425
7794
7711197796

7797

7798
4429

7800
4430
780131
1120
1121
1122

4434
7803
7804
7805
1124

4436

1126

1127

1128

444006
7807

11317808
7809
1133
1134

1135
7810
1136
781137

4411384446

7813
4448

4449
1141

7815
1143

4478161144
1145


7817

4456
7818
1148
7819
4458
7820
7821

7822


446178234462

4463


4464

4465

4466

4467


4468
4469
4470
7832

4472


4473

1165
4474

1166
447511674476
117844771169
4478

4479


4480

7842

7843

7844
1175

7846

1176

1177

4487

4488

4489


1181

7853

1183
4493
7855

7856

1187
1188
1189

1190

4496
4497

1192
7857

119444981195

117860
1197
7861
45001199457862
7863

1201

7865

1203

7867

1205
7869

1207

1208

4502
1209
7874

4504

4505
7876
4506

7877

1214
45097878

121679
45107880
1217

4512
7883

7884

4514

127886

45157887
1221

4517


1223
784519
7889


1225

4521
1227
1228
1229
7892
7893

4578941232
4524
7895

7896
4525
7898


1237
4526
1238
4527
12394528
4529

4530
1242
1243
1244
1245
4535
4536

1248

7911

1250

791251

4539

4540

7916
1255
7918

4544
7920

12597921
7922

7923
4549
7925
7926
7927


7928

12677929
4554

4555
1270


7933
4557
1271
4558
4559

45601272
4561

1273
4562
1274
7939
4564

127665
7940
7941

7942


1277
79431278
7944


12807945
7946

7947

1283

7949
1245741285

1286
7952

1287
7953


4579
1288
1289


7956


4582
4583
1293
7957


1294
7958
1295
7960
1297

4590
7963

7964

1298
7966


7967


1300
796901459802

7970

7971
7972

1305

1306
7975
4600

1307
1308

797809

7979


7980


7981


7982

4607

798408
4609
7985


1316
4612

7988

7989


7990


7991


1320


7993
1321
4619

1323
4620
7994

13257995
4622


7997

7998

4623
1329

46248000
4625
8001
4626

8002
4627

8003
4628

1334
4629
4630

1336

4631

8008

8009

134034
8010134635
8011
1342
8012
8013

4638

4639
8016
1347


8018

46421349
1350

4644

8020
1353

8021


4647


8023
4648
8024


8025

1359


1360


1361


4654

8030


4656


8032


8033


4659

80344613688046611369
8036
1370

8037
1371

1372


1373


1374


1375

1376
1377
8044

1379
80454672
8046

4673
8047
4674
1382
46758049

8050

1385

4678


4679
1388

4681

4682

8057
8058
4683
4684


4685


4686
8063
4688
1399
1400
1401


1402
4692
8068
8069
1404
8070
4693
8072

1408

8074

8075
1411
4694


8078
8079


8080

148081
148082

8083

4700
801419

1420

1421
4704

4705

8090

1423

1424

1425
8094
4711

4712


4713

4714

4715

4716
143317

8098

8099
4720

1436

8102

8103

1439


4725

8104
1441
4727
8106

1443
1444
4730


4731
8111
8112

4734
4735

4736


4737


8117


4739


8119
14554741
4742


1457

8122

8123
8124
8125
8126
1458
8128
8129

8130

1459

8132
148133

8134

4751

1463
1464

1465

1466

8140


8141
4757
8143
4759
4760


4761

1474
1475
1476
4765

8151
8152

8153

1479

4770

8156

4772
81581483
4774
8160

811484
8162
1485
8163


1487

1488


1489
1490

1491
1492
4783
4784
1495
8173


4787
8174
1498
8176
8177

8178


8179
1503

818104
4794
818206
4795
8183

1508
8184
4797
8185

4798
15104799814800

8188
4802
4803
4804


1513
1514

4807

8191

1517

4808
4809
8194
4810
8195
4811
8196
48128197
8198

8199

1524
8201
8202

1527

488204

8205

1530


1531

8208
8209
8210

4826

4827

8212
4828
8213158214
4829

8216
4830
1542
8217
1543
4831
1544
48321545
1546

4834

4835

1549

4837
1550
8225481551
8226481552
4840
1553
1554


1555

488230
1556
8231

4845
8232
8233

4847
1560
4848
4849


4850

4851
4852
15654853
4854

4855


4856


1569

4857
1570
48588215718246


1572


1573

4862

4863
4864


1577
8253

48678254
8255


1580
8257

8258

4872
8260
4874
821586
8262

1588


1589


4878

1591

1592

1593


8269

8270
1596

1597

488273
8274

8275

8276
4887

8278
1602
4888
1603
8280
1604
4890
8281
4891
1606
4892
8283

4893
4894

1609
1610
4897
4898

1612
8290

4900
1613
1614

4901
1616


1617


1618
4905
1620

4907
8301

1623
49091624
4910


4911

4912


1628


8307
1630
1631

8310


1633


8312

1634498313
4921
8314
4922
8315
1637
83161638

1639


4926
1641
1642

1643


8322

1644

1645

1646
8326
1648
1649
1650
8330
8331

4940

1654
8334

4942
8335
1655

4944

1657


4945

1659
8339
16608340
8341
1662
1663
1664
1665
1666

8342
1668
1669
4947
4948
4949

1670

491671834952
16728349

16738349541674
8346
4955

8347


1678

8349
1679
4959
1680
4960
1681
4916828350
8351

8352

4916838354
8355

4966
164967
8358
1686

8359

1688
1689

1690

1691
8362

1693

1694

1695

1696

1697
4977
1699
4978


8370

1702

8371


4982
1704
498373
1705

4985
4986
1708
1709
1710
8380
83171187
498882
8383
8384
1712
1713
8387
8388
8389

83904989
4990

4991
8393
1714

8395
1716
4992

1718
4994
499519
1720

1721
4996
1722
4997
1723
1724

1725
5000
5001
5002
835003
8399
5004
8400
5005
8401
1727
175007

8402

178403
8404
1732


5010

5011

8408

1736
5013
8410
1738
1739
501511
8412


5016
1741

841742
5018
5019
8417
8418
1743
5022

5084191744
5024
17455025
17465026
1747
5027
84205028
5029

8422

8423

5031
1753
5033
8425

1755

1756
5036
842817575038
5039
84175940
508431
60
1761

5044
8432

1764
8433
50468434
8435

8436
175047
5048
5049

1771


5051
1773

8439
5054

5055

5056

8440
1778
8441
5059
845060
5061

8445
1781


844750648448


5065
8450
5066
17878451
506888
17898452
8453
50708454

8455


8456
5073
8458

5075

5076
5077

1798

8461
180062

8463
5078
5079
18035080
5081
5082
5083
8464
5085
5086
5087
5088
5089
8465
5091
5092
5093
5094
5095
5096
5097
50180466
846799
5100

8468

8469
8470
8471
8472
8473
8474
8475
5103

8476
1807
8477
1809
8478
5106
185107
5108

1813
8481
8482
518483
8484

8485

13
8486

5115

5116
8451178490
8491
1814
1884925120
512193


5122

185123

5124


8497
1821

512722
18238500
5128
8501
8502
5130
5131
5132
1825
1826
1827
1828
1829
1830
1831
183233
51348503

8504

8505
1836


1837

5136
850937
5138

1841
5139
1842
8510

5118445142

8512
8513

5144

1847

1848

5146
8518
1851

1852
5149

5150


5151

1855

1856
8523

5152


5153
852659
1860

5155

5156

5157

5158
1865
8527

5161

5162

8530

8531

5165

5166

8534
51671885355168
1867
5169
1868
5170
1869
1870
511871
1872
5173
5174

5175

1876
8536
8537
1878
8538
188539

8540

8541
1883
1884
5177
18868542
8543
8544
1887

5178
5179

5180

8548
8549
5183
5184
1890
5186
5187
5188
5189
5190

8550915192
5193
5194
5195
5196
5197

5198
8551
1895
528552
8553
1897
1898

8555
1899

1900
5203

8559
1903

1904
856105

8562


1907
5209
8565

8566
5210


5211
8569
5212
8570
1911
8571
1912
85721913
1914

5213
8575
8576
8577

857815
1952857917
8580


81

8582

8583

8584
1918
8585

1919
5222

1921

5223
85

8590
1923


5226
192492
5227
5228
8594

8595
1926
1927
52291928
1929
1930
1931

8596
1932
1933

5234
1935

8597

1937

1938
8598
1939
8599
8600


8601


8602

198603
52431944
52441945
1946


1947
8607

1948

5247

861949

8611
1952501951

1952
1953


1954

8616


8617

5253

8618
1959


5256

1961
8622

8623

5260

1964
8624
8625

1966
5261
1968

8628

8629

5264
1972

8631

1974
52658632
5266

8633


78
5269
1980
1981

5272
5273

1983
5275
8635

1985
5276
5277


1987
8637
5279

5280


5281
8638
5282
8639
1992
8640

1994

864219958643

528644
5289

1997
5290

1999

8648

2001

2002

2003

5295
2004
8652
2005
8653
2006
8654
2007
8655
8656

2009
8657
20108658208659

8660
2013
5299

8662

8663

5302
8665
2014

8666
2015

538668201606
5307

2018

2019
8672
8673
5309

2020
8674
5312
8675
5314

2022
2023

2024
5317
5318
531976
8677
8678
8679
8680
8681
8682
8683
8684
8685
868620
53212587
8688
8689
8690
8691
8692
8693
8694
8695
86962026
5323

5324

8697
532629

869827
5328
5329
5330
5331
5332
5333
5334
5335
5336

5337
2086992053382087002035
2036

2037

208701
5341
8702
5342
8703

2043
8705

2044

2045

2046
532047

5348

8707

2050
2051
5351

53

8711
8712

5353

2057
5354
8713
5355

2060
871556

8716
2062


5359
8718
205360
8720
8721
872265
2066
2067
2068
2069
2070
2071
2072
2073
2074
2075
2076
2077
2078
2079
2080
2081
5362
5363
5364
5365
5366
5367
5368
5369
8723
5371
2083

5372
5373
5374
5375
2084
537785
2086
2087
2088
2089
2090
2091
2092
2093
2094
2095
2096
8724
209879
5380

5381
2099
8727
8728
8729
8730
8731
8732
8733
8734
8735
8736
8737
8738
8739
8740
8741
8742
8743
8744
8745

46
8747
5383
53848748
2101
2102
2103
2104
2105
210685
538649
8750
8751
8752
215387

8754
8755

87562109
8757
8758
2110
8759
8760

8761

2113
2114
2115

2116
5388
2118
2119
2120
2121

8763

2123
8764
5391
8765
5392
5393

8721265387685395
2128
5396
2129
5397
2130
5398
2131
2132

5400


34
2135
2136

2137
2138

5406
5407
5408
8770
2142

2143
5411

8772
5412
8774
2144

45
8775
2147
2148765415
5416

5417

87792149
2150


5420
2152
872153

2154
5487835424

5425


5426


8786
21598787
542187882161

2162

872163
542164

2165

8793
215435


2168
87962169
543821705439

8799

8800
2173
2174

5441

2176

8803
2178
5443

8805

2181
88544582
8807
2183
2184
2185

2186
5447

5448
2188
2189
2190
2191
2192
8808
880949
5450
2193
5452
5453
5454
5455
5456
5457
5458
5459
5460
5461
5462
5421948810
5465
5466
5467
5468
5469
2196
2197
2198
2199
2200
2201
2202
2203
2204
2205
2206
2207
2288112209
2210
2211
221212
8813


8814

8815


2214
8817
885474
2216
2217

8819
2219

2220
5476
5477
5478
5479
5480
548120
882121
2222
2223
2224
2225
2226
2227
2228
2229
2230
2231
2232
2233
2234
2235
2236
2237
2238
2239
2240
2241
2242
2243
2244
22458822
8823
5483
5484
5485
5486
5487
5488
5489
5490
5491

5492
8825
8826
2246
2247
882893
5494
5495
5496
5497
5498
5499
2248
2249
5502
5503
2251
5504
550529

2253
8831
8832
5522883308
5509
5510
5511
5512
5513
5514
5515
5516
5517
5518
5519
5520
5521
5522
5523
5524
5522883426
5527
5528
5529
5530
5531
5522565533
5534
5535
5536
5537
5538
5539
5540
5541
5542
5543
8835
5545
5546
5547
5548
5549
5550
5551
555236
8837
8838
8839
8840
8841
8842
8843
8844
8845
8846
8847
8848
8849
5554
2258
2259
2260
2261

2262
885055
5556
2265

2266

5557
2268
8855

8856
8857


8858


2270

5563
22725564

5565

8863

5567
5568

5569
8866

5571
2280

8868

5572

228373
5574

8870
5575

5576

5577
5578
5579

5580


2290
5588782291
8879

2292
5583
2293
5584
5585


5586

5587

8885

2298


90
2299
5591
2300

8888

2302
2303
8891

5597
2306
8893

2308

8895
5602
2311
5604


5605

5606


89015607
5608
2317
2318

8905

5610
5611
8908

2322

89095614

2324


8911
5616
8912561726
2327


5619
2328
8915232920
5621

8917
2331
8918
5623238919
5624
2333

2334


2335

2336

2337

5629
2339

5631

2341


5633
2343
893044

5636
8931
2346
8933
2348

2349
5642
8937

8938

8939

2354

8941
5648
8943


5650
8944
5651

2359
5652
23605653

5654

8948


8949

5657

2365
8951
2366

5659

5660

2369
8955
5663

237264
5665
2373

2374

566775

2376

8961

2378


2379

5671
5672


5673


5674

8968


5675

8970
562384
5678

89725679
8973
5680
5681

2388

89762389
8977

2391

8978
2392

8979

5687
2395
5689

5690

5691


2399

2400
8986
8987


5696
8989


8990


8991

8992


8993
5702
2410
5703
2411

5705

5706

5707

5708

5709

5710
5711
5712
5713
2419


2420

5716


2422
2423

5719

2425


2426

90142427

2428
9015
2429
9016
572430
9018

5725
2431
2432

9021
5726


9023


2435
9024
2436

255730
5731


5732

9027
5734

5735

2442
5736
2443


2444

2445

2446

9035
2448


2449

5744
9039

9040
2452
5747
5748

904254

2455
9043

2456

5753
5754


9046

2459
5757

5758

9049


9050


9051

2457629052
5763

2465
9054

5765
9055
2467
5767
5768
2469

57702470906071
2471
90612472

9062


2474


2475

5776

5777


5778


2479

5780

2480
9070
2481

9072

2482

5785

5786
2484

9077

9078

5789

905790

2489


2490

9083
9084

5795
2491
9087
5797
5798


9088


58009089

9090
5801
5802

2497

580493
9094

9095

5806

2590965807
2502
589098255809
2504

9101

9102
582506
5811
2507
2508
5812
91052558139106
5814915815

9108
251391095817

5818


5819

5820

5821

9114

9115

2521

9117


5826

2524

5828

5829

2525

2526

5832

9125

2529

5835


2531

9129


5838

2534
2535


2536


5842


2538


9135
2539


9137

582541
9138

5848
5849


5850

9141
9142
5853

2548
5855


5856
9145
2551

5857
25535858
5859


9150

9151


2557
2558


5863

5864

9155
2562

2563
5867
5868
9156
9157
2568
5870
58712569


5872
2571

9160

5873

5874

9163


5876
2577

2578

2579
5877
9169
2581

2582

9171

2584
5878

2585
2586
9176
588087

9178

2589
9179
2590
9180
5881

9181
5882
918283

588483
2594

9185

5886
9187
2596
2597
5889

5890

2600

2601

5893

5894

2604
589505
9190
2607
9191

2608
9192
599193
2610
2611
5903

9195

5905
9196
9197

9198
2612


2613

5910
2614
9201

2615
5912
2616
92032617
9204
5914
26209205
5916

2622

5918
9206
9207
5920
5921
5922
5923
5924
592523
2624
2625
2626
2627
2628

59279208
5928
9209
9210

9211
2629
9212
2630
9213
9214
265929
9216
9217
9218
9219

9220
9221
9222
9223
9224

9225
5932

9227
5934
2633
9229

2634
9230

2635
5937
2637925938
9233

2639
9234
9235
2640


5944

2642


92395945
5946

2645

5948
9240
5949
9241
5950
5951

924326465952

5953

925954
9247

2648

2649
5958

2650
596050
9251

26529252
9253

5992542653
9255
265465

9256

2656

5968
2658
26599257
9258
2660

5971
9259

5972
2662
9260
2663
2664
2665
2666
2667
2668
2669
9261
2671
2672
2673


9262

9263
5975
5976
5977
5978
597975
267664
9265
9266
9267

5981
9269
9270

9271

5985

2678
9274
9275


9276
5988
26835992775990


2685
59912686
5992
2687
9280
5993
928189
2690

9282

269183
9284

9285
5997
9286
5998
9287
5999
9288
9289

9290


9291
9292

6004

2695
9295

9296
2660079297
9298

9299

6026996011

9301
6012
270202

6013
9304


6015
2703
9307
2704


6019

9310


6021
9312

9313
9314

2710

6026
6027
932711

9317

6030

9319

6032

9321
9322
2712
93242713

603414
9326352716
2717
2718
2719
6037
602720
6039
6040

6041

2723
2724

2725

6044
6045
276046272847
604829
9327
6049

6050
273351
6052
6053
60542734
9328
2736
2793292738

2739

6057
2741
2742

936058
6059

2744
2745

9335
2747
27486060
93366061
9337

6063

6064932751
9339

2752

9341


9342

6069
2754
27556070


9345
9346

2758

9347
6075

2761
9349
27636076
2764
9350
2765

6079
9352

9353

9354

9355

27709356
9357

9358
9359

2774

6081

2776
9363
6082
2778


9365

6085
2781
2782
6087

6088
2785
2786
936989

9370
2788
6092
9371

2791

2792
2793
2794
2795
9372
6100
6101
9374
9375


2799
9376
612800
6105
9378
6106
93796107
936108
6109


9382
6110
6111


6112
6113
2806

611585

9386

9387
28106116

9389
2812


9390
6119

6120

2816

6121

2818

2819


2820

9396
2822


9398

6127
2825
9401
6129

2827
2828

9404
6133
2830
2831
61352832

2833

2834
6137
9428356138
9410
9411

6139

2839
2840

94152894162842

2843
6141
2844
2845

612846942847941828941961289420

9421

9422

6147

942448
285325
9426
9427
9428
9429
9430
9431
9432
9433
9434
9435
9436
9437
9438
6128549440
9441
9442
9443
9444
9445
6151

6152
9448
6153
9450
9451
6156

6157

9454
2855
6160
6161
6162
6163
9456
9457
9458
9459
9460
942861649462
9463

9464
9465
6165
2857
9467
6167

6168
9470
6169
9471
2859
2860

6172
9472
6173286174

947461752864
6176

9476
2867
6178
9478
2869
2870
6179
2871


2872

9480

2873

6184
2875
2876

6187
9481
6188

9483
2878

2879
6189
288094872881
6191
6192
6193
6194
6195


94882882
6197
2883
6198
2884
612885
9489
9490

6202

2888
9492
9493

6203

9495
6205
6206
9496
6207
9497
2890

6209

2892
2893
6210

9503


2896

9505
2898
2899
2900
2901
2902
2903
2904
2905

9507
2906
2907
2908
6219
29106220
2911

9513
2912
6222
2913
6223
2914
6224
6225

9514
2917

2918
9516

62292920
2921

2922

2923

6233
6234
9519
952029259521

9522
296236
9523

9524
2930
9526

6238

2931

6240


2932


2933

6243

9533
6245
6246

6247

6248
9537

6250
6251

952935
2936
9541

2937
6254
2938
9543
2939
9544
9545

9546

9547

9548
2944

2962572946

2947

2948

9552

2950
9554
2951
9555

2952
9556

2953

2954
6263

9560
2957
2958
6229596267
2960

62699561
629562
9563


6272
95642962
6274

6275

6276
9568
9569
9570
9571
9572
957377
9574622963627976
9577
9578
9579
958064


2965
9581
6281
9582
9583

9584

9585

6285

9587
2966


9588

2968

2969
6291


6292
9593

2973
9594

6295
2976


9596
9597
6229799598
29809599
9600


2982


6302
9603

2983
6303
9605
6304
6305

6306
6307


6308

2989

2990

96122991
2992

2993


2994
96162995
2996

2997

2998

9620

9621


6321

3002
6322
96236323

3004
9625


6325
3006

3007

6328

30966329
3010


9632
6332
3013

6334
6335

30166336
3017
3018


9638
9639

9640

6341
6342

9642
3025

6343

6344

6345
3029
9648

9649
6349

6350
6351


9653

6353

6354


3038
9657


3040


6358
3042
3043

6360

9663
3045

3046

6330479666
6363
9667
6364963049
6365
3050
6366
3051
3052


9672


9673

6370

6371
6372

3057
3058


6375
3059

6377
3060

3061

9683
3063
30649685
3065

9687
6380
9689
633067
9690

6383
3069
9692

9693
6386

6387

96966388
6389
6390

9699
3072
307391
6392
6393
6394
6395
6396
6397
6398
6399
6400
6401

9701

3075
9703

3076
6405
9706

970777
6408

9708

6409
6410

6411
3080


81

3082
6430836416
3084

3085

3086
6420

30886421
3089
6422
6423

6424

6425

6426

6427
6428
3096

3097
9713
9714
971598
309932
6433
6434
6435
643600
3101
3102
3103
3104
3105
3106
97163107
3108
9718
9719
9720

9721
6437
6438

6439

9724
6441
972609
3110
3111
6443
6444

3113
3114

29
9730
6446
3115
9733

6447
9735
6431176449
3118
3119

3120

6452
3121
3122

3123

9738
6456
6457
9741
9742
3129


9743

9744

6460


3133
6462

3134
6464
6465

6466

6467

9748

6469

6470
6471

9750

9751

3144


6473
3145
64749755

9756
6476

9757

6478

9758
31509759

6480
976052
643153
6482

6483


31556484
3156
6485
31576486
6487


9766

6488
9767

6489
97686490
97696491
6492
3164976493
6494


6495

9774

9775
6498


9777

3171


6501
3172
6502

3173
6503

3174976504
9783
6505
9784
6506
6507
3178
9787

6509
3180

9731816510
9791
6511


9793
9794


9795


6514
3187
3188

3189

3190

9801
6520
3192
6521
3193

6523

9805
9806

9807
6527319608
6528
6529
6530

9811

9812

32009813
9814

9815

3298163204

6532
6533

6534
6535
6536


3209

9818

6539
3210
6540
9819
6541
6542

9821
329822
9823

3216
65433217
3218

3219
3220

6546
9824
3223

6548

6549
3226
9825

6552
3227
6553
98266554
3229
6555
3230
9828
9829
9830
9831
9832326556

9834
3232

9836

9837

9838
6561
9839
6562
9840
659841

9842
6565
6566

9843


9844

9845
6570
3240

9847
3241


3242


3243
6576
9851
9852
9853
6578


6579

6580985581

324882
9856
6583
98576584
6585

3249

3250

3251

9862

9863
3254

3255

3256

3257

6590


9866
6592
3260

6593


3262


6595


3264
9872
6598

9874
6599
9875
6600
3265

6601


3267
9879


9880
6604

9882
6605
3271
6606
3272
6607
6608

6609


9887


3276

3277
6613

9891

3280


3281

3282
6618


6619

6620

6621
3287
6622
3288
6623

9900


6625
9901
3291

6627
6628
9904

9905
9906
3296
9908
9909

9910

3300

3301

669913

6639
9915

9916


3304
9917
9918

3306

66459920

6646
9922
6648

9924
6650
9925

6651

9927

9928

9929
3317

3318

3319

9933
9934
3321
6660
9935

3323

36
6662
9937

3325

6664
9939
33269940
9941
6667

3329
6668
6669


6670
9945
9946
9947
9948
9949
9950
9951
9952
9953
9954
9955
9956
9957
9958
9959
9960
9961
9962
9963
9964
9965
9966
9967
9968
9969
9970
9971
9972
9973
9974
9975
9976
9977
9978
9979
9980
9981
9982
9983
9984
9985
9986
9987
9988
9989
9990
9991
9992
9993
9994
9995
9996
9997
9998
9999
10000
